Address,https://www.cadabams.org/programs/psychotherapy,https://www.cadabams.org/blog/understanding-avoidant-personality-disorder,https://www.cadabams.org/programs/comprehensive-deaddiction-program,https://www.cadabams.org/programs/enhanced-deaddiction-program,https://www.cadabams.org/programs/long-term-and-palliative-care-for-dementia,https://www.cadabams.org/blog/understanding-schizotypal-personality-disorder,https://www.cadabams.org/blog/long-term-rehab-success-stories,https://www.cadabams.org/programs/crisis-intervention,https://www.cadabams.org/programs/short-term-rehabilitation,https://www.cadabams.org/programs/long-term-rehabilitation,https://www.cadabams.org/blog/early-signs-of-schizophrenia
https://www.cadabams.org/programs/psychotherapy,1.0000004,0.25632966,1.0000004,1.0000004,1.0000004,0.27843595,0.49483892,1.0000004,1.0000004,1.0000004,0.21317829
https://www.cadabams.org/blog/understanding-avoidant-personality-disorder,0.25632966,1.0000001,0.25632966,0.25632966,0.25632966,0.5830166,0.24781275,0.25632966,0.25632966,0.25632966,0.38214952
https://www.cadabams.org/programs/comprehensive-deaddiction-program,1.0000004,0.25632966,1.0000004,1.0000004,1.0000004,0.27843595,0.49483892,1.0000004,1.0000004,1.0000004,0.21317829
https://www.cadabams.org/programs/enhanced-deaddiction-program,1.0000004,0.25632966,1.0000004,1.0000004,1.0000004,0.27843595,0.49483892,1.0000004,1.0000004,1.0000004,0.21317829
https://www.cadabams.org/programs/long-term-and-palliative-care-for-dementia,1.0000004,0.25632966,1.0000004,1.0000004,1.0000004,0.27843595,0.49483892,1.0000004,1.0000004,1.0000004,0.21317829
https://www.cadabams.org/blog/understanding-schizotypal-personality-disorder,0.27843595,0.5830166,0.27843595,0.27843595,0.27843595,1.0000001,0.27832893,0.27843595,0.27843595,0.27843595,0.63685954
https://www.cadabams.org/blog/long-term-rehab-success-stories,0.49483892,0.24781275,0.49483892,0.49483892,0.49483892,0.27832893,0.99999994,0.49483892,0.49483892,0.49483892,0.21548618
https://www.cadabams.org/programs/crisis-intervention,1.0000004,0.25632966,1.0000004,1.0000004,1.0000004,0.27843595,0.49483892,1.0000004,1.0000004,1.0000004,0.21317829
https://www.cadabams.org/programs/short-term-rehabilitation,1.0000004,0.25632966,1.0000004,1.0000004,1.0000004,0.27843595,0.49483892,1.0000004,1.0000004,1.0000004,0.21317829
https://www.cadabams.org/programs/long-term-rehabilitation,1.0000004,0.25632966,1.0000004,1.0000004,1.0000004,0.27843595,0.49483892,1.0000004,1.0000004,1.0000004,0.21317829
https://www.cadabams.org/blog/early-signs-of-schizophrenia,0.21317829,0.38214952,0.21317829,0.21317829,0.21317829,0.63685954,0.21548618,0.21317829,0.21317829,0.21317829,0.99999964
