Address,https://www.cadabams.org/programs/psychotherapy,https://www.cadabams.org/blog/understanding-avoidant-personality-disorder,https://www.cadabams.org/programs/comprehensive-deaddiction-program,https://www.cadabams.org/programs/enhanced-deaddiction-program,https://www.cadabams.org/programs/long-term-and-palliative-care-for-dementia,https://www.cadabams.org/blog/understanding-schizotypal-personality-disorder,https://www.cadabams.org/blog/long-term-rehab-success-stories,https://www.cadabams.org/programs/crisis-intervention,https://www.cadabams.org/programs/short-term-rehabilitation,https://www.cadabams.org/programs/long-term-rehabilitation,https://www.cadabams.org/blog/early-signs-of-schizophrenia
https://www.cadabams.org/programs/psychotherapy,1.0000000000000004,0.5403089188229153,1.0000000000000004,1.0000000000000004,1.0000000000000004,0.4722992670928332,0.4904444042874794,1.0000000000000004,1.0000000000000004,1.0000000000000004,0.48791552618062356
https://www.cadabams.org/blog/understanding-avoidant-personality-disorder,0.5403089188229153,0.9999999999999998,0.5403089188229153,0.5403089188229153,0.5403089188229153,0.8507047398092644,0.8369950210475026,0.5403089188229153,0.5403089188229153,0.5403089188229153,0.8292280552525703
https://www.cadabams.org/programs/comprehensive-deaddiction-program,1.0000000000000004,0.5403089188229153,1.0000000000000004,1.0000000000000004,1.0000000000000004,0.4722992670928332,0.4904444042874794,1.0000000000000004,1.0000000000000004,1.0000000000000004,0.48791552618062356
https://www.cadabams.org/programs/enhanced-deaddiction-program,1.0000000000000004,0.5403089188229153,1.0000000000000004,1.0000000000000004,1.0000000000000004,0.4722992670928332,0.4904444042874794,1.0000000000000004,1.0000000000000004,1.0000000000000004,0.48791552618062356
https://www.cadabams.org/programs/long-term-and-palliative-care-for-dementia,1.0000000000000004,0.5403089188229153,1.0000000000000004,1.0000000000000004,1.0000000000000004,0.4722992670928332,0.4904444042874794,1.0000000000000004,1.0000000000000004,1.0000000000000004,0.48791552618062356
https://www.cadabams.org/blog/understanding-schizotypal-personality-disorder,0.4722992670928332,0.8507047398092644,0.4722992670928332,0.4722992670928332,0.4722992670928332,1.0000000000000004,0.8397162660518603,0.4722992670928332,0.4722992670928332,0.4722992670928332,0.959941066487079
https://www.cadabams.org/blog/long-term-rehab-success-stories,0.4904444042874794,0.8369950210475026,0.4904444042874794,0.4904444042874794,0.4904444042874794,0.8397162660518603,0.9999999999999996,0.4904444042874794,0.4904444042874794,0.4904444042874794,0.8228283677668731
https://www.cadabams.org/programs/crisis-intervention,1.0000000000000004,0.5403089188229153,1.0000000000000004,1.0000000000000004,1.0000000000000004,0.4722992670928332,0.4904444042874794,1.0000000000000004,1.0000000000000004,1.0000000000000004,0.48791552618062356
https://www.cadabams.org/programs/short-term-rehabilitation,1.0000000000000004,0.5403089188229153,1.0000000000000004,1.0000000000000004,1.0000000000000004,0.4722992670928332,0.4904444042874794,1.0000000000000004,1.0000000000000004,1.0000000000000004,0.48791552618062356
https://www.cadabams.org/programs/long-term-rehabilitation,1.0000000000000004,0.5403089188229153,1.0000000000000004,1.0000000000000004,1.0000000000000004,0.4722992670928332,0.4904444042874794,1.0000000000000004,1.0000000000000004,1.0000000000000004,0.48791552618062356
https://www.cadabams.org/blog/early-signs-of-schizophrenia,0.48791552618062356,0.8292280552525703,0.48791552618062356,0.48791552618062356,0.48791552618062356,0.959941066487079,0.8228283677668731,0.48791552618062356,0.48791552618062356,0.48791552618062356,0.9999999999999999
